-22.40
-22.37
-22.42
-22.46
-21.84
-21.15
-20.72
-20.10
-19.78
-19.33
-19.04
-18.67
-18.04
-17.92
-17.45
-17.11
-16.84
-16.41
-16.01
-15.64
-15.35
-14.98
-14.41
-13.79
-13.35
-13.14
-12.53
-12.03
-11.51
-10.70
-10.19
-9.54
-8.86
-8.24
-7.75
-7.10
-6.29
-5.71
-5.03
-4.28
-3.67
-3.64
-3.47
-3.33
-3.27
-3.01
-2.85
-2.83
-2.48
-2.45
-2.30
-2.00
-1.90
-1.82
-1.71
-1.54
-1.38
-1.29
-1.33
-1.20
-1.06
-0.95
-0.83
-0.75
-0.66
-0.51
-0.45
-0.05
-0.00
0.01
0.01
0.01
0.02
0.01
0.02
0.01
0.01
0.01
0.01
0.01
0.02
0.01
0.01
0.01
0.01
0.01
0.02
0.03
0.02
0.00
